7.846266132272248228e-01 3.107183459858063879e-01
4.381060538013488159e-01 4.074735858967226676e-01
1.943121472755368062e-01 2.582459234552592076e-01
1.639223972925974993e-01 4.210572493277088268e-01
9.325436446309744998e-01 8.809757059792671097e-01
5.917010271145163314e-01 1.252168474485388927e-01
1.928086600385868765e-01 1.721111973380599069e-01
5.929465284485677667e-01 1.608833391146455016e-01
4.598022987360991243e-01 4.012522877733901150e-01
8.315732226178750297e-01 3.164826648057175729e-01
4.084861426696732578e-01 4.074735858967226676e-01
1.513578702025328293e-01 4.201786520047227080e-01
8.023645374655775653e-01 2.982981177219190538e-01
9.299268145758180504e-01 8.724164405412304646e-01
1.134381992867220523e-01 4.228201963692477250e-01
1.509204091975311079e-01 4.635848361339563461e-01
1.821764929338247629e-01 4.147718601428037610e-01
6.636331186712187691e-01 1.418236793101131654e-01
9.233123227960737811e-01 8.152914380976306052e-01
8.764708491998145501e-01 7.798177052498893591e-01
3.721773543078440438e-01 3.521528384677251045e-01
1.591383630030212271e-01 2.395436906103364794e-01
1.781948878719605278e-01 2.647577189428923505e-01
1.537619998367153462e-01 4.167444164850067079e-01
9.270801611747956361e-01 8.809757059792671097e-01
7.754793334636809199e-01 3.684719974480380467e-01
4.392099093089151252e-01 4.144430552796017908e-01
9.521281622235581166e-01 8.425389260068121278e-01
7.693452595793002224e-01 3.769091606381961279e-01
1.272747545402131975e-01 2.594160654980727232e-01
6.075463690530078509e-01 1.266031352378488017e-01
4.674214617268036553e-01 3.828750379186620090e-01
2.462127941840803746e-01 2.894309782846575252e-01
9.458304904649957878e-01 8.694256271083435905e-01
6.207304544511802469e-01 9.618742011187499108e-02
9.618269825794940608e-01 8.830233964450715511e-01
1.936571270823019275e-01 2.529112120842355593e-01
5.656287945152630448e-01 1.441594332319441896e-01
4.440932867046150645e-01 4.128645146169767077e-01
8.208965456734740318e-01 2.853218658765857563e-01
9.453583433245007495e-01 8.832352831085853451e-01
4.122247795795402903e-01 3.815923116749141419e-01
6.447362514494826558e-01 8.378118897707043100e-02
7.600080054244350292e-01 3.299525104067322356e-01
6.222114121128226039e-01 1.187316649180702871e-01
2.027707662916166942e-01 2.461657635676537670e-01
4.605074801724380329e-01 3.754810334766713886e-01
9.607831339667869397e-01 9.064026563861383723e-01
3.425521740245837110e-01 2.870608656813226078e-01
4.235063507283021167e-01 4.038334710874164624e-01
1.841780533480537052e-01 2.585998138133085433e-01
7.654547610405134650e-01 3.000912147855976930e-01
1.777464892574541766e-01 4.151892704316615945e-01
4.917551810668109313e-01 4.249052440309771250e-01
5.984832184508623865e-01 1.075486349635627475e-01
1.590172857100441983e-01 2.868271388048233006e-01
7.881323444087551255e-01 3.090835966884259989e-01
1.210335740752946920e-01 2.315747040008740432e-01
9.448063481566171262e-01 8.747275464533471601e-01
8.379316515141336241e-01 3.097879030815072765e-01
4.384630078322088176e-01 3.870237031648088855e-01
9.931450570016062684e-01 9.188436712520936522e-01
9.989592727400758987e-01 9.328652815963235367e-01
1.692666316854226638e-01 2.778136247942653014e-01
6.070211151248219306e-01 1.287537684553625716e-01
7.700028817396530334e-01 3.195051703399215959e-01
4.435425219147415832e-01 3.856691032417514098e-01
4.156472512925090679e-01 4.026998200562176278e-01
4.024281086250718342e-01 4.233584305220665089e-01
6.967521062191595060e-01 3.498425972131430362e-01
9.127794343358973661e-01 8.745539247739073652e-01
5.923490481893505244e-01 1.270988373030355334e-01
2.473754605875747581e-01 2.440276515055789797e-01
1.961575516795249219e-01 4.500819127062635205e-01
5.971281620921711220e-01 1.248373452015643786e-01
4.141539586784580562e-01 4.236294780533324533e-01
7.844003515953523742e-01 3.236808661942928156e-01
1.853880722398799363e-01 2.725274288745741513e-01
7.458304265416351164e-01 2.934451707927967501e-01
2.533444726959016013e-01 2.199098830831679174e-01
1.782471831280632024e-01 4.218079795420507372e-01
9.541885482029800469e-01 9.345487222538015892e-01
5.642770081768125889e-01 1.266540793800800258e-01
4.655313350075509504e-01 3.946849672432162226e-01
4.463824926584142871e-01 3.982816693238471761e-01
7.924907267574159420e-01 2.959280995430877415e-01
1.913511858240337371e-01 2.594422295353533969e-01
4.125008752341318141e-01 4.052334230445341912e-01
4.639204547563159919e-01 6.832527120952508470e-02
7.710785249161136168e-01 2.841287255369081000e-01
4.101256883173461931e-01 2.487890478210397216e-01
9.198685834383265592e-01 8.336717336192605021e-01
9.297031517100523557e-01 8.485087233275032670e-01
1.631173655378375942e-01 3.749370109859704869e-01
4.109335866652409908e-01 4.356114993166403937e-01
9.114043094257622268e-01 8.783801219883158318e-01
7.387435628468409510e-01 2.912421466084569310e-01
1.396417309227903636e-01 3.772537676667639395e-01
1.624015152805862727e-01 4.219710874349137941e-01
1.851775799745533080e-01 2.923365927276868614e-01
