1.891269051886425023e-01 3.371183891806028843e-02
4.307982650965801463e-01 6.602200537168043670e-01
6.259310678769358649e-02 6.869572557675063251e-04
3.782403221695158635e-01 6.354243454280421588e-01
5.256903279689767450e-01 8.559197067181811835e-02
9.047666686046860196e-01 3.526793147339988277e-01
3.545033782057611660e-01 3.716713506364839326e-01
5.769878705258159046e-01 9.519842752913676431e-01
7.199890846824238411e-01 8.928384758066787441e-01
4.268141612388969275e-01 3.084030170489330258e-01
5.236552370799721912e-01 2.161313532616142563e-01
4.003416393171330689e-01 8.641294589710757368e-02
2.545533052494923787e-01 6.408964550847060515e-01
4.216851015788491974e-02 2.661055267352332443e-01
6.704351541573526641e-01 4.607397261481162021e-01
7.460587779334670877e-03 3.748222156310915265e-01
5.357146757843309626e-01 5.284299341224709678e-01
3.891405727807061288e-01 4.941977568408695287e-01
6.794077326094161151e-02 8.378452697276566052e-01
8.059755989498373907e-01 8.536500572826818400e-01
1.221189239629191237e-01 9.322176509335698968e-01
6.571950400324847452e-01 3.433065065233553703e-01
3.891765622431989646e-01 8.825997921512344080e-01
7.412559096096904554e-01 7.762277343265976404e-01
9.920977279494991308e-02 8.439026869226434746e-01
