7.490647488131899623e-01 5.096552763085171467e-01
6.336382059406179268e-01 7.199593561807712261e-01
2.025978590429688975e-01 2.971324252945444222e-01
2.510460385982421494e-01 8.858711391488416353e-03
7.835305901207300083e-01 6.255779378382175793e-01
3.980013578468678537e-01 9.092240777807193419e-01
7.339632642145481611e-01 3.595002349896547766e-02
8.914532589687765851e-01 4.584302010137538685e-01
2.670703987611693364e-01 7.431364567945701882e-01
7.529560257622641695e-01 7.908474112909369413e-01
1.129391983615757322e-02 4.776600195165512375e-01
2.364576600541209439e-01 7.516211204697157422e-01
3.426224067614842550e-01 2.255004654809600328e-02
5.266852169392319816e-01 4.496512942598277496e-01
3.681298924161695574e-01 9.299113736525680407e-01
2.882732186242387140e-02 3.909381837821388483e-01
2.226444985880222660e-01 7.680427104187743659e-01
7.932231434372915002e-01 9.048306805304774381e-01
7.369710657326052905e-01 9.427994894513391788e-02
7.319664054407751808e-01 7.531727692200302915e-01
5.354517278635627653e-01 7.581383772024026246e-01
7.788738461764644905e-01 1.307559001068483440e-01
4.907401599849903207e-01 7.346616336338396280e-02
8.407143783570421025e-01 7.503760757406189308e-01
4.285601539861503273e-01 6.041141087761966455e-01
8.838946950796641167e-01 4.343936546708645485e-01
8.521550336534978731e-01 5.251523996508387082e-01
4.010309540721809229e-01 6.833274620301488245e-01
3.343485996994658427e-01 6.481365435410113562e-01
2.545862501564477576e-01 5.128334029145514839e-01
7.284495619469242289e-01 3.079112365318418254e-01
6.707642253599952475e-01 5.115833500225994701e-01
8.578130958370937531e-01 4.544350009063090612e-01
7.240410002494210850e-01 8.333894831688459792e-02
5.373387283019110949e-01 1.044932768367370368e-01
6.854202819991408457e-01 9.701155435819863726e-01
4.185801991424208390e-01 6.509888959716719770e-01
4.065085397490262320e-01 6.978472009354629302e-01
6.809029376132360589e-01 5.543360638476151347e-01
1.135596289755361754e-01 3.662496939726547218e-01
4.411592344123597131e-01 9.330380963498159375e-01
2.997152186312405098e-01 8.198854172600756884e-01
2.362040183582142516e-01 3.152197568615412449e-01
2.493673787899556293e-01 8.668468724962165028e-01
6.089262079614944367e-01 6.645480474885326894e-01
7.312545855863593625e-01 5.997043329173956661e-01
3.460301339734603854e-01 6.085655149538387043e-01
3.934734706566866969e-01 7.919012748987844796e-01
5.141725293684056286e-01 1.574088652461422821e-01
3.972120819507576339e-01 6.062730060563525925e-02
2.298308600212586317e-01 2.822984641610648548e-02
6.317226987197530619e-01 6.801796542968001624e-01
5.227010022448710380e-01 5.477087927373071041e-01
6.009084496051526614e-01 9.558354620402137458e-01
6.088485373180503313e-01 8.287265127254486163e-01
5.084155436137755002e-01 6.947814338551682178e-01
8.970491443242410989e-01 9.712409018371037650e-02
9.948563819059310642e-01 1.396330660526863277e-01
3.865152076108021584e-01 7.553471692602065080e-02
6.260931694156134375e-01 6.068388206521292405e-01
4.719452565424863133e-01 9.333285368676859095e-01
6.231090421780238753e-02 1.774713778343695036e-01
2.477602552829928362e-01 8.358520508170461660e-01
1.832710310075902349e-02 3.219848314053208593e-02
7.644817698184058763e-02 1.776518373075719470e-01
1.781119885657100887e-02 1.418928194150668176e-01
3.815453241961010988e-01 2.544193279931468155e-01
8.623337740457903688e-01 8.995391675766365447e-01
4.097102826743891368e-01 1.842327430606369720e-01
1.107927235726612336e-01 8.825054334456586824e-01
9.565590281852220933e-03 3.379257888326242520e-01
3.383841331255426077e-01 8.346897824535349786e-01
7.594437544140604235e-01 7.544070580734908438e-01
4.147013039937731405e-01 8.014549397118384544e-01
3.341236836564700496e-01 8.048935340612378697e-01
5.332883404953545625e-01 6.501852750080925336e-01
8.982662447820085605e-01 1.013430609816157180e-01
5.156322166385693961e-01 6.483101260653142406e-01
3.954495498482356597e-01 2.939851787363089164e-01
9.678392589882983676e-01 1.706758957150010803e-01
8.223034923825989218e-01 6.361546947379844719e-01
9.638794759605389117e-01 1.097917997684690894e-01
6.306486367777429658e-01 1.818885083717675100e-01
6.211180418750190668e-01 6.959148608157011973e-01
9.514584148160633026e-01 7.987140466164955876e-01
5.492885093190833512e-01 3.956033927106267223e-01
6.277485856351293636e-01 7.014534358813847570e-01
1.235198622110048605e-01 1.388065746413531532e-01
7.132743799070260238e-01 6.732592853112662201e-01
8.851768889392933604e-01 2.630632664431471479e-01
4.949373745300756910e-01 4.602591026150534281e-01
3.971583301214143269e-02 3.515083413429871406e-01
3.300185141887983509e-01 5.410007113224533093e-01
4.595092743460499340e-01 6.400465309264333769e-01
7.118562337208523827e-01 4.028012380346585042e-01
4.472852728219421925e-01 8.617785938623954145e-01
5.714449539843868831e-02 2.721991283844131804e-01
6.484809230810951730e-01 8.511613480375443963e-01
9.418832259003123708e-01 6.969813422347137521e-01
9.825854069879834674e-01 5.370657600311680158e-01
