6.619637997281779818e-02 5.303345041580548314e-01
1.448456294861656946e-01 7.674350301460275414e-02
6.962902776609936062e-03 6.991999175878875761e-01
7.033162100744833056e-02 8.121723502772137948e-01
9.195256569708798455e-01 9.344315352062499969e-01
2.133675237630831001e-01 8.668728394742233334e-01
2.554348038171136981e-01 4.003976303622819310e-02
5.741803699897373159e-01 3.164357661814110045e-02
3.476254183693263111e-01 5.747208254689506468e-02
4.826613660017535778e-01 9.965135147535579829e-01
3.472963179868404637e-01 9.994712381649116795e-01
1.095866699226239471e-01 2.924135501514930624e-01
9.956006421819003638e-01 4.566405621729158204e-01
5.796334253055934749e-01 9.516235971694974038e-01
5.829967643587075088e-02 2.345996701585833510e-01
8.658656905766692891e-01 9.518065009668619236e-01
4.022949975267994804e-01 7.679313899045819847e-02
4.431905137276964668e-01 3.732386340309207240e-02
6.338391751348110281e-02 5.305311706915469827e-01
7.292687192732932866e-01 5.003480297052353976e-02
8.734684949927845610e-01 1.637274566906691819e-01
1.214623422894375304e-01 7.274483713372112970e-01
4.844956360978237009e-01 5.601310830678479791e-02
7.567925310877572365e-01 8.904604570041463329e-02
4.871302247065456559e-02 6.209219811836701464e-01
9.108365560766861213e-01 7.567191725362989452e-01
5.764092966932164996e-01 1.757068726795019131e-02
9.601343041858692029e-01 4.188659074225152823e-01
7.093122641515507976e-01 5.112840097947474183e-02
1.227219435972872197e-01 3.398549663485415651e-01
7.389738778963333976e-02 1.424574552506055469e-01
5.232625892046206539e-01 5.612335567616211218e-02
5.663912554309258329e-02 2.229573777161594772e-01
8.534634606003376200e-01 9.338680181836350735e-02
7.285305126957797306e-02 5.830289559414527645e-01
9.706459425792203222e-01 5.411761845101547008e-01
9.810660389158532002e-01 3.710987433664580948e-01
9.596117661598668747e-01 7.653569769151185032e-01
2.875341141694538472e-01 9.556345625358003693e-01
9.459665385583089225e-01 6.623185455139550815e-01
9.035893838936757128e-01 8.508348989421941067e-01
8.808505298297562014e-01 6.538736021744362414e-01
2.625574488080269497e-01 1.317062513670902435e-02
9.339665913572350320e-01 2.392465652798114739e-01
8.629329074056539817e-01 8.504802346897353260e-01
3.165742618041464951e-01 9.321239592816696895e-01
5.232921563016811328e-01 9.444408181443069150e-01
5.903300284098966788e-03 5.172542369574124610e-01
3.148585925859298529e-01 8.416559057561578960e-02
9.614013575781467091e-01 7.054291198340920666e-01
1.422948078301731756e-01 3.974296866833346153e-01
8.953665480504219287e-01 7.375601888043661347e-01
8.153124009732473088e-01 8.153124009732473088e-01
3.137689644572599912e-02 3.656244873958400809e-01
9.620113956395135446e-01 6.501166023273319272e-01
8.338214628610819412e-01 1.420203084931090931e-01
9.128048733096766343e-01 9.128048733096767453e-01
9.102436081644029731e-01 1.038323526592843105e-01
9.802244833496152054e-01 4.239399139745316236e-01
1.611354573182501859e-01 7.553527485740634262e-01
9.882437037188190887e-01 7.818876337722001635e-01
3.970437942219330330e-01 9.129347871238636669e-01
8.414707148175264440e-01 6.592304093550741539e-01
2.816617676119774205e-01 8.936550795090836274e-02
9.858756974233275905e-01 1.469906424976878401e-01
9.475458851415752282e-01 4.687045430536131430e-01
8.524782508747137388e-01 7.957643703069849916e-01
1.324993867120809465e-01 1.916303709326827587e-01
8.034082870851451119e-01 1.965917129148549991e-01
1.235115557584279267e-01 7.636200467067947306e-01
7.017908876276801600e-01 9.137326320987286810e-01
9.819193581058316411e-01 7.455501775589404856e-01
3.308260660711583867e-01 8.127982019200713504e-02
9.698583209833960828e-02 7.821935583700562189e-01
9.543558512217764633e-01 6.835716797552543467e-01
6.475021123006253765e-01 1.754232974955755031e-02
1.563280839824858770e-01 8.318801115145528779e-01
9.457755099862592552e-01 8.359159409867842339e-01
7.081572098769947088e-01 8.755255472221550317e-01
2.478607717971040292e-01 4.512879134469616194e-02
7.733741188955446377e-01 4.502906291649427795e-02
3.846805791700669275e-02 5.485089618233152109e-01
7.332169201739806574e-01 4.228602240498968712e-02
1.519661675756917019e-01 8.865307298744029563e-01
3.381357109740819045e-01 8.813283682440886668e-01
8.215826368551988335e-01 8.832472627881023941e-01
8.359641612420578571e-01 9.798065472146313404e-01
7.725187187702423630e-01 9.916367828669001572e-01
8.667174604865379717e-01 8.797470469301054141e-01
1.100555903332777752e-01 8.157707567817644723e-01
9.269137919642629342e-01 4.776263962178507461e-01
8.741964435024462965e-01 1.747159943253246972e-01
8.905999741680351578e-01 8.395433773356337781e-01
4.107838456298433250e-01 9.589773252544169235e-01
4.338886071335462669e-02 7.743596518066532264e-01
3.185261828273082685e-01 7.247447847864679771e-02
1.317332602627807603e-01 1.186486274412874020e-01
2.107789746790705299e-01 1.298139687861736835e-01
1.914653328352144968e-02 7.889259116728115639e-01
3.864516669455287379e-01 9.918318651906234962e-01
