3.152173913043478382e-01 6.881720430107526321e-01
9.782608695652174335e-02 3.010752688172043112e-01
3.804347826086957318e-01 1.000000000000000000e+00
3.913043478260869734e-01 2.795698924731183088e-01
8.913043478260870289e-01 7.741935483870967527e-01
4.130434782608695676e-01 3.225806451612903136e-01
8.369565217391303769e-01 3.010752688172043112e-01
9.021739130434782705e-01 2.150537634408601906e-01
2.500000000000000000e-01 1.935483870967741882e-01
2.391304347826087029e-01 2.580645161290322509e-01
7.934782608695651884e-01 3.440860215053763160e-01
6.739130434782608647e-01 7.526881720430107503e-01
8.260869565217391353e-01 2.365591397849462207e-01
3.804347826086957318e-01 2.258064516129031918e-01
4.782608695652174058e-01 7.204301075268817467e-01
7.500000000000000000e-01 8.064516129032257563e-01
8.804347826086957873e-01 3.225806451612903136e-01
7.500000000000000000e-01 6.451612903225806273e-01
7.173913043478261642e-01 9.247311827956988806e-01
1.739130434782608925e-01 6.559139784946236285e-01
2.934782608695652439e-01 2.688172043010752521e-01
3.043478260869565410e-01 9.032258064516127671e-01
2.173913043478260809e-01 4.731182795698924415e-01
7.717391304347827052e-01 4.301075268817203812e-01
9.347826086956522174e-01 2.688172043010752521e-01
2.717391304347826497e-01 9.677419354838708854e-01
2.282608695652174058e-01 2.258064516129031918e-01
1.000000000000000000e+00 7.526881720430107503e-01
2.282608695652174058e-01 3.225806451612903136e-01
1.086956521739130405e-01 9.462365591397848830e-01
2.282608695652174058e-01 7.526881720430107503e-01
8.369565217391303769e-01 9.354838709677418818e-01
2.826086956521739468e-01 2.580645161290322509e-01
6.847826086956522174e-01 8.602150537634407623e-01
2.826086956521739468e-01 6.129032258064515126e-01
8.260869565217391353e-01 3.333333333333333148e-01
7.826086956521739468e-01 2.688172043010752521e-01
1.739130434782608925e-01 7.849462365591396429e-01
6.956521739130435700e-01 7.204301075268817467e-01
1.956521739130434867e-01 8.064516129032257563e-01
3.478260869565217850e-01 6.451612903225806273e-02
3.804347826086957318e-01 2.688172043010752521e-01
6.956521739130435700e-01 9.032258064516127671e-01
2.065217391304347838e-01 7.311827956989246369e-01
3.695652173913043792e-01 1.505376344086021556e-01
6.304347826086956763e-01 3.548387096774193727e-01
8.478260869565218405e-01 4.086021505376343788e-01
7.608695652173914636e-01 7.956989247311828661e-01
2.934782608695652439e-01 7.419354838709676381e-01
7.608695652173914636e-01 2.580645161290322509e-01
9.239130434782609758e-01 7.634408602150537515e-01
7.608695652173914636e-01 2.688172043010752521e-01
2.065217391304347838e-01 7.849462365591396429e-01
7.826086956521739468e-01 1.827956989247311592e-01
7.500000000000000000e-01 3.118279569892473124e-01
3.478260869565217850e-01 1.720430107526881580e-01
2.065217391304347838e-01 8.172043010752687575e-01
2.391304347826087029e-01 6.774193548387096309e-01
1.195652173913043514e-01 3.978494623655914331e-01
8.804347826086957873e-01 1.182795698924731104e-01
9.130434782608696231e-01 2.365591397849462207e-01
8.913043478260870289e-01 6.666666666666666297e-01
9.239130434782609758e-01 3.440860215053763160e-01
1.956521739130434867e-01 3.655913978494623184e-01
5.434782608695652023e-02 3.118279569892473124e-01
2.065217391304347838e-01 1.720430107526881580e-01
9.891304347826087584e-01 7.956989247311828661e-01
9.021739130434782705e-01 8.387096774193548709e-01
8.152173913043478937e-01 1.612903225806451568e-01
8.478260869565218405e-01 1.827956989247311592e-01
5.000000000000000000e-01 7.956989247311828661e-01
6.956521739130435700e-01 2.795698924731183088e-01
7.500000000000000000e-01 7.419354838709676381e-01
2.282608695652174058e-01 3.763440860215053752e-01
2.282608695652174058e-01 3.870967741935483764e-01
4.565217391304348116e-01 3.655913978494623184e-01
1.413043478260869734e-01 3.870967741935483764e-01
7.500000000000000000e-01 1.612903225806451568e-01
8.695652173913044625e-02 7.956989247311828661e-01
1.739130434782608925e-01 7.419354838709676381e-01
1.413043478260869734e-01 7.204301075268817467e-01
9.891304347826087584e-01 7.419354838709676381e-01
8.152173913043478937e-01 7.634408602150537515e-01
8.043478260869566521e-01 1.397849462365591544e-01
7.500000000000000000e-01 3.010752688172043112e-01
7.826086956521739468e-01 1.075268817204300953e-01
2.282608695652174058e-01 2.043010752688171894e-01
7.826086956521739468e-01 9.677419354838708854e-01
2.608695652173913526e-01 6.774193548387096309e-01
2.173913043478260809e-01 1.505376344086021556e-01
7.608695652173914636e-01 2.688172043010752521e-01
5.760869565217391353e-01 7.204301075268817467e-01
9.130434782608696231e-01 3.225806451612903136e-01
7.500000000000000000e-01 8.064516129032257563e-01
3.804347826086957318e-01 2.903225806451613100e-01
2.608695652173913526e-01 5.913978494623655102e-01
7.934782608695651884e-01 6.344086021505376261e-01
6.847826086956522174e-01 7.956989247311828661e-01
2.391304347826087029e-01 7.311827956989246369e-01
6.739130434782608647e-01 3.763440860215053752e-01
