4.335065611361228477e-01 1.384387833493831987e-01
8.642802239274999243e-01 5.500214461561693247e-01
5.570005736996908041e-02 8.606919863791984149e-02
6.485029647106310691e-02 3.696196852608504280e-01
7.059755930767683818e-01 2.256061763818828503e-02
9.842273367469229761e-01 7.232622488680495731e-02
5.513591824172602296e-01 3.004937719446503230e-01
3.670689372673132667e-01 7.894576549217557915e-02
1.672723246438523326e-03 9.552545838228193587e-01
3.546701031201553445e-01 9.033693946246641460e-01
9.259572972135161617e-01 7.418368004796195292e-01
6.567464174222106266e-01 6.196107423660254243e-01
8.101946106704625006e-01 9.740412810627341322e-01
5.507855977116845603e-01 7.520727013883429235e-01
8.717904859187231015e-01 3.228113432359736024e-04
8.382491661294226848e-01 9.160986961698291964e-01
6.599542188719963454e-01 2.110957439402978419e-01
8.383478547828526750e-02 3.350499640836779314e-02
7.173055337164058187e-03 4.013283832462559708e-01
5.391355249908299507e-01 5.518346318223483760e-01
6.518462823629156411e-01 4.692800583264489234e-01
6.341287769056147550e-01 2.280260170388230812e-01
9.651244009227254450e-01 5.143045364793003005e-01
1.027500845340179048e-02 1.812401988556315846e-01
9.681139346195030138e-01 7.062998596395706485e-01
8.843312353705997664e-01 6.916198816005536543e-01
3.008717553684980839e-01 5.333113318487201493e-01
4.800563579851073737e-01 5.884365122715983221e-01
1.254504627743854295e-01 6.955813153302390361e-01
8.800067966318726453e-01 8.815512743360783832e-01
4.480592839568371399e-01 5.099992194617468666e-01
6.783979095888339472e-01 5.385746634189930715e-01
8.354339947565904145e-01 9.191512567973397774e-01
7.328983796646083571e-01 3.139309661133119489e-01
3.513041706015171961e-01 1.750697010517038299e-01
4.088646878724537803e-01 8.900232033179618085e-01
5.122086669883888499e-01 4.793806789597636620e-01
7.147233357673042908e-01 1.741026268587246850e-01
3.734185240629319669e-01 8.265120119849299618e-01
6.510299161926973444e-01 8.205120508320542516e-01
5.662021077672700908e-01 9.330512861775094313e-01
7.384337617352619842e-01 7.859306310325622213e-01
1.968028849192486884e-01 2.162098867606231378e-01
8.513134370882424751e-01 4.265457191529147263e-01
7.299980188598881314e-01 8.477100209855026325e-02
6.580470763239476550e-01 7.802241634891954325e-01
7.290897963254039382e-01 1.553635963898986061e-01
1.670698940059969217e-01 7.509378665823557286e-01
2.373775719372288595e-01 8.061039630460642424e-01
7.117131620629246758e-02 6.040542580039487408e-02
9.828550451321796944e-01 1.472713051311802523e-02
3.073699853868258058e-01 4.590723984040292471e-01
7.083081854775098440e-01 9.851872469174828284e-01
3.839492570582192510e-02 9.555836126676167108e-01
7.469122022995459131e-01 4.245886087958408162e-01
7.568699109063049546e-01 4.287218407325326108e-01
3.900856929383195171e-01 9.473324498968016538e-02
8.431103285354610843e-01 5.942146213206472849e-01
5.375674426789347482e-01 7.322971201972795496e-01
6.452181250668971302e-01 8.559995579645496289e-01
3.888587743226230575e-01 6.337921028112759592e-01
7.288016249225460763e-01 2.118465598472447642e-01
9.199918527809153312e-01 1.081645784399839494e-01
3.699850472855245043e-01 8.048593962739147845e-02
5.808277403040805753e-01 7.021918686825331379e-01
1.525892490990812256e-01 2.338047953935863399e-01
8.178769065277753381e-01 3.454392306763528486e-01
9.202254732009363947e-01 1.875036313861101478e-01
4.214566493946065862e-01 7.242075448893713352e-01
7.912596829104996399e-01 2.134943474557636778e-01
4.304335057798532871e-01 8.861137364252178461e-01
7.548684850146046843e-01 2.482320431659068571e-01
6.010268049350949715e-01 9.358735570934151315e-01
1.859413373947651493e-01 2.022956694615127837e-01
1.840145629910959757e-01 5.122070624426899865e-02
2.348638824663343838e-01 5.585179100196924207e-02
1.923676621282532917e-02 5.543871821138931510e-01
5.094945277431586206e-01 1.343209364015575114e-01
3.096929666446835983e-01 9.181985205818342655e-01
9.936267297548665445e-01 2.317869880313154773e-01
7.239618570015476928e-01 1.293690868483504675e-01
7.744265769275370248e-01 5.340548588212179482e-02
1.984531578411418140e-01 2.008720375476291675e-01
7.447051789026600810e-01 4.878315138806006424e-01
1.361295485955450468e-01 3.060009857529000232e-01
3.693103289915673493e-01 3.411924701082819089e-01
6.263929894955821975e-02 4.715566691234504004e-01
4.735052963672159443e-01 9.368945081927515517e-02
3.607898827554165688e-01 6.892787342813289087e-02
8.038822998060698444e-01 9.219948842325282889e-01
2.216584035657357399e-01 8.499330417763508727e-01
2.123918213425229906e-01 8.868805131985846302e-01
1.044520834838300605e-01 1.047945564469158208e-01
8.603711574166446052e-01 9.336482624607217451e-01
1.271324936036145603e-01 2.612073797769970396e-01
7.572326308792184379e-01 8.326455415428470896e-01
3.734753161116293185e-01 2.450283314816105174e-01
8.774626838203571921e-01 5.453486584341337151e-01
7.244033624060397525e-01 3.281235481796397346e-01
6.608029848625562863e-02 8.265938928341280967e-01
