5.033337301877981451e-01 5.020031071843112924e-01
4.673788771030623068e-01 5.522047093480609847e-01
5.491713581957088364e-01 5.728995364297170267e-01
4.994266608493828641e-01 4.990824655604163551e-01
5.073905130362965643e-01 4.861004665401499336e-01
4.950193210904752505e-01 5.405643744856764021e-01
4.377164874534509864e-01 3.532692396153991332e-01
5.479160091595545179e-01 5.058833461448754010e-01
5.123662405153428523e-01 5.137341014777275783e-01
5.017451477814924843e-01 4.979202138617985218e-01
4.877944393352169339e-01 5.261749093143265332e-01
5.076096942343670815e-01 4.954276344117277131e-01
4.783030472920755116e-01 4.608576611710385462e-01
4.937029952171983482e-01 4.817121702130107708e-01
5.134727833464066693e-01 4.925319142428246644e-01
4.942705456784019513e-01 4.972055584126571226e-01
5.101549936289964116e-01 4.809012347265230192e-01
4.906332498439293643e-01 4.926818927359824518e-01
5.139163329827993731e-01 4.793681878948752306e-01
4.569706485365944704e-01 4.868446070543688275e-01
4.941171690739465938e-01 5.028692483556593817e-01
5.157477991000617434e-01 4.858206180015144926e-01
5.564605380617797525e-01 5.009855223577505123e-01
4.478950594757230008e-01 5.159300789738501258e-01
5.559911106219698196e-01 5.129265664284055060e-01
5.380745601501129016e-01 5.422860829993322307e-01
5.021212776457191218e-01 4.956507362939258088e-01
5.216071334015232042e-01 5.022710012324504980e-01
4.909900241645104857e-01 5.115322431768966061e-01
5.507462135532656955e-01 5.155146744510866741e-01
5.024062004398204273e-01 5.056686529987970413e-01
4.782154744358900755e-01 5.046304438515198942e-01
5.290662207662849559e-01 4.922117296186492297e-01
5.471180308348738697e-01 4.759921641595685204e-01
5.053872038185033277e-01 4.873085431390042355e-01
4.535684986430451593e-01 5.133140187679605670e-01
5.263869461033789943e-01 4.312596552554227025e-01
5.187389863588010019e-01 5.136146705213812114e-01
5.019029319777026377e-01 5.272131951223495427e-01
5.502000179411530301e-01 5.378284268347888197e-01
5.341145703180987248e-01 5.181390387952118370e-01
5.382159101743740903e-01 4.986654710098833432e-01
5.000772742249167679e-01 5.001453316798900595e-01
5.354585839141158266e-01 5.049833789806545958e-01
5.482869965419826519e-01 5.175750294433967280e-01
4.629344081719473647e-01 4.865092278591282571e-01
4.892508765914844182e-01 5.132740619324203113e-01
4.998381514501065159e-01 5.001175898545936471e-01
4.722906201487742650e-01 4.775613866267419683e-01
4.944991989610961203e-01 4.761734130107506124e-01
5.020099479333378634e-01 5.012076985594385858e-01
4.900411885970322179e-01 5.062229560271597206e-01
4.866266288170693621e-01 5.688000304262073037e-01
4.482255372491144585e-01 5.349223160804132959e-01
4.421750507197930724e-01 5.154941484620020331e-01
5.506289798204064834e-01 4.707693448718921481e-01
4.967757306067289713e-01 5.019373365035524337e-01
4.806422442049603783e-01 5.322167157940362880e-01
5.307048819045961929e-01 5.307048819045961929e-01
5.226408813836684875e-01 4.303185320983459183e-01
4.868383026139402325e-01 4.674236558311198886e-01
4.777438523871079812e-01 5.207541934083285140e-01
5.031156334568145372e-01 5.022636402080521423e-01
4.972221657666152095e-01 5.795467646851601984e-01
5.135740820329951495e-01 4.744708646777639482e-01
4.577636279548925602e-01 5.059359349820201635e-01
5.266955235041743677e-01 4.943256913119714047e-01
5.031339577997403500e-01 4.822264421068832019e-01
4.763325262269774152e-01 5.050306768486091391e-01
5.477961212436167626e-01 5.549831478663617146e-01
4.987750020872582235e-01 5.030319762292895236e-01
5.558126450593399159e-01 5.768195155933502072e-01
4.926194635955629120e-01 4.620304318005381550e-01
5.272504557621304766e-01 5.144893243457986376e-01
5.466181347195302465e-01 5.178950252992634562e-01
5.225245020896184256e-01 4.024356626185547348e-01
5.322314008258417495e-01 4.994373988058575242e-01
5.087863709649070865e-01 4.284407510170990530e-01
4.495904744918859386e-01 5.000000000000000000e-01
4.458647615384525587e-01 5.009449341022508273e-01
5.207301696872197461e-01 4.361990980307942078e-01
5.153579840984614524e-01 4.907719921675830488e-01
4.755843595984627359e-01 5.029978636858659646e-01
5.014468658791734201e-01 5.206911460562826388e-01
5.010974270876078496e-01 4.985436650662840585e-01
4.831939291755441013e-01 5.093157571773522241e-01
5.318263341470221839e-01 5.296785367285563595e-01
5.000900334622736532e-01 4.948419864008571367e-01
5.215738972453590749e-01 4.870370947463165123e-01
5.352130400998263982e-01 5.295472489603950672e-01
5.401908729758568839e-01 4.964837542374020973e-01
5.036428218083650599e-01 5.100085706615798964e-01
5.199071571788637103e-01 4.421854175775416507e-01
4.787988686146102402e-01 4.926998650310281391e-01
5.335958106513171151e-01 5.631845302166963441e-01
5.150204812607849236e-01 4.864754979254893308e-01
4.657394761943064454e-01 5.048150026129932799e-01
5.637348806306530236e-01 4.483885113077075157e-01
4.599434233362630353e-01 5.178343369659561546e-01
4.783874170298543227e-01 4.193407422726183609e-01
